 TITLE="2D Triangle Contours"
 VARIABLES= "X", "Y", "V1" 
 ZONE N=       765   E=      1423   F=FEPOINT,  ET=TRIANGLE
  -0.35000000E+01  0.00000000E+00 -0.35000000E+01
  -0.33999999E+01  0.00000000E+00 -0.33999999E+01
  -0.33000000E+01  0.00000000E+00 -0.33000000E+01
  -0.32000000E+01  0.00000000E+00 -0.32000000E+01
  -0.30999999E+01  0.00000000E+00 -0.30999999E+01
  -0.30000000E+01  0.00000000E+00 -0.30000000E+01
  -0.28999999E+01  0.00000000E+00 -0.28999999E+01
  -0.28000000E+01  0.00000000E+00 -0.28000000E+01
  -0.26999998E+01  0.00000000E+00 -0.26999998E+01
  -0.25999999E+01  0.00000000E+00 -0.25999999E+01
  -0.25000000E+01  0.00000000E+00 -0.25000000E+01
  -0.23999999E+01  0.00000000E+00 -0.23999999E+01
  -0.22999997E+01  0.00000000E+00 -0.22999997E+01
  -0.21999998E+01  0.00000000E+00 -0.21999998E+01
  -0.20999997E+01  0.00000000E+00 -0.20999997E+01
  -0.19999996E+01  0.00000000E+00 -0.19999996E+01
  -0.18999996E+01  0.00000000E+00 -0.18999996E+01
  -0.17999996E+01  0.00000000E+00 -0.17999996E+01
  -0.16999996E+01  0.00000000E+00 -0.16999996E+01
  -0.15999995E+01  0.00000000E+00 -0.15999995E+01
  -0.14999995E+01  0.00000000E+00 -0.14999995E+01
  -0.13999995E+01  0.00000000E+00 -0.13999995E+01
  -0.12999995E+01  0.00000000E+00 -0.12999995E+01
  -0.11999995E+01  0.00000000E+00 -0.11999995E+01
  -0.10999994E+01  0.00000000E+00 -0.10999994E+01
  -0.10000000E+01  0.00000000E+00 -0.10000000E+01
  -0.99452186E+00  0.10452846E+00 -0.99452186E+00
  -0.97814757E+00  0.20791170E+00 -0.97814757E+00
  -0.95105648E+00  0.30901700E+00 -0.95105648E+00
  -0.91354543E+00  0.40673664E+00 -0.91354543E+00
  -0.86602539E+00  0.50000000E+00 -0.86602539E+00
  -0.80901694E+00  0.58778524E+00 -0.80901694E+00
  -0.74314481E+00  0.66913062E+00 -0.74314481E+00
  -0.66913056E+00  0.74314481E+00 -0.66913056E+00
  -0.58778524E+00  0.80901700E+00 -0.58778524E+00
  -0.49999997E+00  0.86602539E+00 -0.49999997E+00
  -0.40673664E+00  0.91354543E+00 -0.40673664E+00
  -0.30901697E+00  0.95105648E+00 -0.30901697E+00
  -0.20791166E+00  0.97814757E+00 -0.20791166E+00
  -0.10452842E+00  0.99452186E+00 -0.10452842E+00
   0.00000000E+00  0.10000000E+01  0.00000000E+00
   0.00000000E+00  0.11000000E+01  0.00000000E+00
   0.00000000E+00  0.12000000E+01  0.00000000E+00
   0.00000000E+00  0.13000001E+01  0.00000000E+00
   0.00000000E+00  0.14000001E+01  0.00000000E+00
   0.00000000E+00  0.15000001E+01  0.00000000E+00
   0.00000000E+00  0.16000001E+01  0.00000000E+00
   0.00000000E+00  0.17000000E+01  0.00000000E+00
   0.00000000E+00  0.18000002E+01  0.00000000E+00
   0.00000000E+00  0.19000002E+01  0.00000000E+00
   0.00000000E+00  0.20000000E+01  0.00000000E+00
  -0.10000001E+00  0.20000000E+01 -0.10000001E+00
  -0.20000002E+00  0.20000000E+01 -0.20000002E+00
  -0.30000001E+00  0.20000000E+01 -0.30000001E+00
  -0.40000001E+00  0.20000000E+01 -0.40000001E+00
  -0.50000000E+00  0.20000000E+01 -0.50000000E+00
  -0.60000002E+00  0.20000000E+01 -0.60000002E+00
  -0.69999999E+00  0.20000000E+01 -0.69999999E+00
  -0.80000001E+00  0.20000000E+01 -0.80000001E+00
  -0.90000004E+00  0.20000000E+01 -0.90000004E+00
  -0.10000000E+01  0.20000000E+01 -0.10000000E+01
  -0.11000000E+01  0.20000000E+01 -0.11000000E+01
  -0.12000000E+01  0.20000000E+01 -0.12000000E+01
  -0.13000001E+01  0.20000000E+01 -0.13000001E+01
  -0.14000000E+01  0.20000000E+01 -0.14000000E+01
  -0.15000000E+01  0.20000000E+01 -0.15000000E+01
  -0.15999999E+01  0.20000000E+01 -0.15999999E+01
  -0.16999999E+01  0.20000000E+01 -0.16999999E+01
  -0.17999998E+01  0.20000000E+01 -0.17999998E+01
  -0.18999999E+01  0.20000000E+01 -0.18999999E+01
  -0.19999999E+01  0.20000000E+01 -0.19999999E+01
  -0.20999999E+01  0.20000000E+01 -0.20999999E+01
  -0.21999998E+01  0.20000000E+01 -0.21999998E+01
  -0.22999997E+01  0.20000000E+01 -0.22999997E+01
  -0.23999996E+01  0.20000000E+01 -0.23999996E+01
  -0.24999998E+01  0.20000000E+01 -0.24999998E+01
  -0.25999997E+01  0.20000000E+01 -0.25999997E+01
  -0.26999998E+01  0.20000000E+01 -0.26999998E+01
  -0.27999997E+01  0.20000000E+01 -0.27999997E+01
  -0.28999996E+01  0.20000000E+01 -0.28999996E+01
  -0.29999998E+01  0.20000000E+01 -0.29999998E+01
  -0.30999999E+01  0.20000000E+01 -0.30999999E+01
  -0.31999998E+01  0.20000000E+01 -0.31999998E+01
  -0.33000000E+01  0.20000000E+01 -0.33000000E+01
  -0.33999999E+01  0.20000000E+01 -0.33999999E+01
  -0.35000000E+01  0.20000000E+01 -0.35000000E+01
  -0.35000000E+01  0.19000000E+01 -0.35000000E+01
  -0.35000000E+01  0.18000001E+01 -0.35000000E+01
  -0.34999998E+01  0.17000000E+01 -0.34999998E+01
  -0.34999998E+01  0.16000000E+01 -0.34999998E+01
  -0.34999998E+01  0.15000000E+01 -0.34999998E+01
  -0.34999998E+01  0.14000000E+01 -0.34999998E+01
  -0.34999998E+01  0.13000000E+01 -0.34999998E+01
  -0.34999998E+01  0.11999999E+01 -0.34999998E+01
  -0.35000000E+01  0.10999999E+01 -0.35000000E+01
  -0.34999998E+01  0.99999988E+00 -0.34999998E+01
  -0.34999995E+01  0.89999986E+00 -0.34999995E+01
  -0.34999995E+01  0.79999989E+00 -0.34999995E+01
  -0.34999995E+01  0.69999993E+00 -0.34999995E+01
  -0.34999995E+01  0.59999990E+00 -0.34999995E+01
  -0.34999998E+01  0.49999991E+00 -0.34999998E+01
  -0.35000000E+01  0.39999992E+00 -0.35000000E+01
  -0.34999998E+01  0.29999989E+00 -0.34999998E+01
  -0.35000000E+01  0.19999991E+00 -0.35000000E+01
  -0.35000000E+01  0.99999920E-01 -0.35000000E+01
  -0.50000004E-01  0.19500000E+01 -0.50000004E-01
  -0.34499998E+01  0.19500000E+01 -0.34499998E+01
  -0.34499998E+01  0.49999960E-01 -0.34499998E+01
  -0.10472606E+01  0.52264232E-01 -0.10472606E+01
  -0.52264210E-01  0.10472610E+01 -0.52264210E-01
  -0.34133976E+01  0.14999992E+00 -0.34133976E+01
  -0.33588560E+01  0.91143772E-01 -0.33588560E+01
  -0.34133976E+01  0.24999970E+00 -0.34133976E+01
  -0.34133976E+01  0.35000011E+00 -0.34133976E+01
  -0.34133976E+01  0.44999972E+00 -0.34133976E+01
  -0.34133971E+01  0.54999971E+00 -0.34133971E+01
  -0.34133971E+01  0.64999992E+00 -0.34133971E+01
  -0.34133971E+01  0.74999988E+00 -0.34133971E+01
  -0.34133971E+01  0.84999990E+00 -0.34133971E+01
  -0.34133971E+01  0.95000005E+00 -0.34133971E+01
  -0.34133976E+01  0.10500002E+01 -0.34133976E+01
  -0.34133976E+01  0.11499996E+01 -0.34133976E+01
  -0.34133973E+01  0.12500000E+01 -0.34133973E+01
  -0.34133973E+01  0.13499999E+01 -0.34133973E+01
  -0.34133973E+01  0.14500000E+01 -0.34133973E+01
  -0.34133973E+01  0.15500000E+01 -0.34133973E+01
  -0.34133973E+01  0.16500001E+01 -0.34133973E+01
  -0.34133976E+01  0.17500002E+01 -0.34133976E+01
  -0.34133973E+01  0.18500000E+01 -0.34133973E+01
  -0.33588560E+01  0.19088563E+01 -0.33588560E+01
  -0.32500000E+01  0.86602569E-01 -0.32500000E+01
  -0.33189411E+01  0.18283239E+00 -0.33189411E+01
  -0.31500001E+01  0.86602502E-01 -0.31500001E+01
  -0.30500000E+01  0.86602569E-01 -0.30500000E+01
  -0.29499998E+01  0.86602502E-01 -0.29499998E+01
  -0.28499999E+01  0.86602569E-01 -0.28499999E+01
  -0.27500000E+01  0.86602502E-01 -0.27500000E+01
  -0.26499999E+01  0.86602569E-01 -0.26499999E+01
  -0.25500000E+01  0.86602569E-01 -0.25500000E+01
  -0.24499998E+01  0.86602502E-01 -0.24499998E+01
  -0.23499999E+01  0.86602502E-01 -0.23499999E+01
  -0.22499998E+01  0.86602569E-01 -0.22499998E+01
  -0.21499996E+01  0.86602502E-01 -0.21499996E+01
  -0.20499997E+01  0.86602539E-01 -0.20499997E+01
  -0.19499996E+01  0.86602539E-01 -0.19499996E+01
  -0.18499997E+01  0.86602539E-01 -0.18499997E+01
  -0.17499995E+01  0.86602524E-01 -0.17499995E+01
  -0.16499996E+01  0.86602539E-01 -0.16499996E+01
  -0.15499995E+01  0.86602539E-01 -0.15499995E+01
  -0.14499996E+01  0.86602539E-01 -0.14499996E+01
  -0.13499994E+01  0.86602539E-01 -0.13499994E+01
  -0.12499995E+01  0.86602539E-01 -0.12499995E+01
  -0.11499994E+01  0.86602539E-01 -0.11499994E+01
  -0.10862511E+01  0.14434974E+00 -0.10862511E+01
  -0.32500000E+01  0.19133976E+01 -0.32500000E+01
  -0.33189406E+01  0.18171678E+01 -0.33189406E+01
  -0.31499999E+01  0.19133974E+01 -0.31499999E+01
  -0.30499997E+01  0.19133976E+01 -0.30499997E+01
  -0.29499998E+01  0.19133976E+01 -0.29499998E+01
  -0.28499997E+01  0.19133974E+01 -0.28499997E+01
  -0.27499998E+01  0.19133974E+01 -0.27499998E+01
  -0.26499996E+01  0.19133976E+01 -0.26499996E+01
  -0.25499997E+01  0.19133974E+01 -0.25499997E+01
  -0.24499998E+01  0.19133976E+01 -0.24499998E+01
  -0.23499997E+01  0.19133974E+01 -0.23499997E+01
  -0.22499998E+01  0.19133974E+01 -0.22499998E+01
  -0.21499999E+01  0.19133974E+01 -0.21499999E+01
  -0.20500000E+01  0.19133974E+01 -0.20500000E+01
  -0.19499998E+01  0.19133974E+01 -0.19499998E+01
  -0.18499999E+01  0.19133974E+01 -0.18499999E+01
  -0.17499999E+01  0.19133974E+01 -0.17499999E+01
  -0.16499999E+01  0.19133974E+01 -0.16499999E+01
  -0.15500000E+01  0.19133974E+01 -0.15500000E+01
  -0.14500000E+01  0.19133974E+01 -0.14500000E+01
  -0.13500000E+01  0.19133974E+01 -0.13500000E+01
  -0.12500000E+01  0.19133974E+01 -0.12500000E+01
  -0.11500001E+01  0.19133974E+01 -0.11500001E+01
  -0.10500000E+01  0.19133974E+01 -0.10500000E+01
  -0.95000005E+00  0.19133974E+01 -0.95000005E+00
  -0.85000002E+00  0.19133974E+01 -0.85000002E+00
  -0.75000000E+00  0.19133974E+01 -0.75000000E+00
  -0.64999998E+00  0.19133974E+01 -0.64999998E+00
  -0.55000001E+00  0.19133974E+01 -0.55000001E+00
  -0.44999999E+00  0.19133974E+01 -0.44999999E+00
  -0.35000002E+00  0.19133974E+01 -0.35000002E+00
  -0.25000000E+00  0.19133974E+01 -0.25000000E+00
  -0.15000001E+00  0.19133974E+01 -0.15000001E+00
  -0.91143683E-01  0.18588563E+01 -0.91143683E-01
  -0.86602502E-01  0.17500001E+01 -0.86602502E-01
  -0.18283202E+00  0.18189408E+01 -0.18283202E+00
  -0.86602569E-01  0.16500001E+01 -0.86602569E-01
  -0.86602539E-01  0.15500002E+01 -0.86602539E-01
  -0.86602539E-01  0.14500000E+01 -0.86602539E-01
  -0.86602539E-01  0.13500001E+01 -0.86602539E-01
  -0.86602539E-01  0.12500000E+01 -0.86602539E-01
  -0.86602539E-01  0.11500001E+01 -0.86602539E-01
  -0.14434990E+00  0.10862510E+01 -0.14434990E+00
  -0.33267949E+01  0.17000004E+01 -0.33267949E+01
  -0.32189474E+01  0.18183410E+01 -0.32189474E+01
  -0.33267949E+01  0.16000000E+01 -0.33267949E+01
  -0.32728710E+01  0.17591708E+01 -0.32728710E+01
  -0.33267946E+01  0.15000000E+01 -0.33267946E+01
  -0.33267949E+01  0.14000000E+01 -0.33267949E+01
  -0.33267946E+01  0.13000000E+01 -0.33267946E+01
  -0.33267949E+01  0.11999996E+01 -0.33267949E+01
  -0.33267949E+01  0.10999999E+01 -0.33267949E+01
  -0.33267949E+01  0.10000005E+01 -0.33267949E+01
  -0.33267946E+01  0.89999998E+00 -0.33267946E+01
  -0.33267946E+01  0.79999989E+00 -0.33267946E+01
  -0.33267946E+01  0.69999993E+00 -0.33267946E+01
  -0.33267946E+01  0.59999979E+00 -0.33267946E+01
  -0.33267949E+01  0.49999928E+00 -0.33267949E+01
  -0.33267949E+01  0.39999992E+00 -0.33267949E+01
  -0.33267951E+01  0.29999989E+00 -0.33267951E+01
  -0.32189479E+01  0.18165925E+00 -0.32189479E+01
  -0.32728715E+01  0.24082957E+00 -0.32728715E+01
  -0.30000001E+00  0.18267949E+01 -0.30000001E+00
  -0.18165903E+00  0.17189476E+01 -0.18165903E+00
  -0.40000001E+00  0.18267949E+01 -0.40000001E+00
  -0.24082953E+00  0.17728713E+01 -0.24082953E+00
  -0.50000000E+00  0.18267949E+01 -0.50000000E+00
  -0.60000002E+00  0.18267949E+01 -0.60000002E+00
  -0.69999999E+00  0.18267949E+01 -0.69999999E+00
  -0.80000001E+00  0.18267949E+01 -0.80000001E+00
  -0.90000004E+00  0.18267949E+01 -0.90000004E+00
  -0.10000000E+01  0.18267949E+01 -0.10000000E+01
  -0.11000000E+01  0.18267950E+01 -0.11000000E+01
  -0.12000000E+01  0.18267949E+01 -0.12000000E+01
  -0.13000000E+01  0.18267949E+01 -0.13000000E+01
  -0.14000001E+01  0.18267949E+01 -0.14000001E+01
  -0.15000000E+01  0.18267949E+01 -0.15000000E+01
  -0.15999999E+01  0.18267949E+01 -0.15999999E+01
  -0.16999998E+01  0.18267949E+01 -0.16999998E+01
  -0.18000000E+01  0.18267949E+01 -0.18000000E+01
  -0.18999999E+01  0.18267949E+01 -0.18999999E+01
  -0.19999999E+01  0.18267950E+01 -0.19999999E+01
  -0.20999999E+01  0.18267949E+01 -0.20999999E+01
  -0.21999998E+01  0.18267949E+01 -0.21999998E+01
  -0.22999997E+01  0.18267949E+01 -0.22999997E+01
  -0.23999996E+01  0.18267951E+01 -0.23999996E+01
  -0.24999998E+01  0.18267950E+01 -0.24999998E+01
  -0.25999997E+01  0.18267950E+01 -0.25999997E+01
  -0.26999998E+01  0.18267951E+01 -0.26999998E+01
  -0.27999997E+01  0.18267949E+01 -0.27999997E+01
  -0.28999996E+01  0.18267951E+01 -0.28999996E+01
  -0.29999998E+01  0.18267950E+01 -0.29999998E+01
  -0.30999999E+01  0.18267951E+01 -0.30999999E+01
  -0.17320512E+00  0.16000001E+01 -0.17320512E+00
  -0.17320505E+00  0.15000001E+01 -0.17320505E+00
  -0.17320511E+00  0.14000001E+01 -0.17320511E+00
  -0.17320505E+00  0.13000001E+01 -0.17320505E+00
  -0.17320511E+00  0.12000000E+01 -0.17320511E+00
  -0.24328306E+00  0.10716829E+01 -0.24328306E+00
  -0.30999999E+01  0.17320505E+00 -0.30999999E+01
  -0.30000000E+01  0.17320505E+00 -0.30000000E+01
  -0.28999999E+01  0.17320511E+00 -0.28999999E+01
  -0.28000000E+01  0.17320511E+00 -0.28000000E+01
  -0.26999998E+01  0.17320505E+00 -0.26999998E+01
  -0.25999999E+01  0.17320514E+00 -0.25999999E+01
  -0.25000000E+01  0.17320505E+00 -0.25000000E+01
  -0.23999999E+01  0.17320508E+00 -0.23999999E+01
  -0.22999997E+01  0.17320505E+00 -0.22999997E+01
  -0.21999998E+01  0.17320505E+00 -0.21999998E+01
  -0.20999997E+01  0.17320509E+00 -0.20999997E+01
  -0.19999996E+01  0.17320505E+00 -0.19999996E+01
  -0.18999996E+01  0.17320511E+00 -0.18999996E+01
  -0.17999996E+01  0.17320503E+00 -0.17999996E+01
  -0.16999996E+01  0.17320511E+00 -0.16999996E+01
  -0.15999995E+01  0.17320505E+00 -0.15999995E+01
  -0.14999995E+01  0.17320511E+00 -0.14999995E+01
  -0.13999995E+01  0.17320505E+00 -0.13999995E+01
  -0.12999995E+01  0.17320511E+00 -0.12999995E+01
  -0.11999995E+01  0.17320505E+00 -0.11999995E+01
  -0.10716830E+01  0.24328288E+00 -0.10716830E+01
  -0.25751087E+00  0.16537825E+01 -0.25751087E+00
  -0.33214092E+00  0.17321008E+01 -0.33214092E+00
  -0.25980762E+00  0.15500001E+01 -0.25980762E+00
  -0.25980762E+00  0.14500000E+01 -0.25980762E+00
  -0.25980762E+00  0.13500001E+01 -0.25980762E+00
  -0.25980762E+00  0.12500000E+01 -0.25980762E+00
  -0.25154534E+00  0.11608415E+01 -0.25154534E+00
  -0.33996749E+00  0.10461463E+01 -0.33996749E+00
  -0.44999999E+00  0.17401923E+01 -0.44999999E+00
  -0.35571569E+00  0.16349194E+01 -0.35571569E+00
  -0.55000001E+00  0.17401923E+01 -0.55000001E+00
  -0.64999998E+00  0.17401923E+01 -0.64999998E+00
  -0.75000000E+00  0.17401923E+01 -0.75000000E+00
  -0.85000002E+00  0.17401923E+01 -0.85000002E+00
  -0.95000005E+00  0.17401923E+01 -0.95000005E+00
  -0.10500001E+01  0.17401923E+01 -0.10500001E+01
  -0.11500000E+01  0.17401923E+01 -0.11500000E+01
  -0.12500000E+01  0.17401923E+01 -0.12500000E+01
  -0.13500000E+01  0.17401924E+01 -0.13500000E+01
  -0.14500000E+01  0.17401923E+01 -0.14500000E+01
  -0.15500000E+01  0.17401923E+01 -0.15500000E+01
  -0.16499999E+01  0.17401923E+01 -0.16499999E+01
  -0.17499999E+01  0.17401924E+01 -0.17499999E+01
  -0.18499999E+01  0.17401923E+01 -0.18499999E+01
  -0.19499999E+01  0.17401923E+01 -0.19499999E+01
  -0.20500000E+01  0.17401923E+01 -0.20500000E+01
  -0.21499999E+01  0.17401923E+01 -0.21499999E+01
  -0.22499998E+01  0.17401923E+01 -0.22499998E+01
  -0.23499999E+01  0.17401924E+01 -0.23499999E+01
  -0.24499998E+01  0.17401927E+01 -0.24499998E+01
  -0.25499997E+01  0.17401924E+01 -0.25499997E+01
  -0.26499996E+01  0.17401927E+01 -0.26499996E+01
  -0.27499995E+01  0.17401924E+01 -0.27499995E+01
  -0.28499999E+01  0.17401924E+01 -0.28499999E+01
  -0.29499998E+01  0.17401927E+01 -0.29499998E+01
  -0.30499997E+01  0.17401927E+01 -0.30499997E+01
  -0.31537821E+01  0.17424893E+01 -0.31537821E+01
  -0.32321007E+01  0.16678593E+01 -0.32321007E+01
  -0.32401922E+01  0.15500002E+01 -0.32401922E+01
  -0.31349194E+01  0.16442845E+01 -0.31349194E+01
  -0.32401922E+01  0.14499998E+01 -0.32401922E+01
  -0.32401922E+01  0.13500001E+01 -0.32401922E+01
  -0.32401922E+01  0.12499995E+01 -0.32401922E+01
  -0.32401922E+01  0.11499997E+01 -0.32401922E+01
  -0.32401922E+01  0.10500002E+01 -0.32401922E+01
  -0.32401922E+01  0.95000041E+00 -0.32401922E+01
  -0.32401922E+01  0.84999990E+00 -0.32401922E+01
  -0.32401922E+01  0.74999988E+00 -0.32401922E+01
  -0.32401922E+01  0.64999986E+00 -0.32401922E+01
  -0.32401922E+01  0.54999936E+00 -0.32401922E+01
  -0.32401922E+01  0.44999960E+00 -0.32401922E+01
  -0.32401927E+01  0.34999970E+00 -0.32401927E+01
  -0.31781776E+01  0.27297068E+00 -0.31781776E+01
  -0.30500000E+01  0.25980762E+00 -0.30500000E+01
  -0.31414800E+01  0.36599371E+00 -0.31414800E+01
  -0.29499998E+01  0.25980759E+00 -0.29499998E+01
  -0.28499999E+01  0.25980768E+00 -0.28499999E+01
  -0.27500000E+01  0.25980759E+00 -0.27500000E+01
  -0.26499999E+01  0.25980765E+00 -0.26499999E+01
  -0.25500000E+01  0.25980765E+00 -0.25500000E+01
  -0.24499998E+01  0.25980756E+00 -0.24499998E+01
  -0.23499999E+01  0.25980756E+00 -0.23499999E+01
  -0.22499998E+01  0.25980762E+00 -0.22499998E+01
  -0.21499996E+01  0.25980759E+00 -0.21499996E+01
  -0.20499997E+01  0.25980762E+00 -0.20499997E+01
  -0.19499996E+01  0.25980762E+00 -0.19499996E+01
  -0.18499995E+01  0.25980762E+00 -0.18499995E+01
  -0.17499996E+01  0.25980762E+00 -0.17499996E+01
  -0.16499996E+01  0.25980762E+00 -0.16499996E+01
  -0.15499995E+01  0.25980762E+00 -0.15499995E+01
  -0.14499996E+01  0.25980762E+00 -0.14499996E+01
  -0.13499994E+01  0.25980762E+00 -0.13499994E+01
  -0.12499995E+01  0.25980762E+00 -0.12499995E+01
  -0.11608412E+01  0.25154525E+00 -0.11608412E+01
  -0.10461463E+01  0.33996728E+00 -0.10461463E+01
  -0.31535895E+01  0.49999946E+00 -0.31535895E+01
  -0.30416934E+01  0.35946202E+00 -0.30416934E+01
  -0.31535897E+01  0.59999961E+00 -0.31535897E+01
  -0.30738490E+01  0.43965524E+00 -0.30738490E+01
  -0.29416935E+01  0.35946202E+00 -0.29416935E+01
  -0.31535897E+01  0.69999987E+00 -0.31535897E+01
  -0.31535897E+01  0.79999989E+00 -0.31535897E+01
  -0.31535897E+01  0.90000015E+00 -0.31535897E+01
  -0.31535895E+01  0.10000002E+01 -0.31535895E+01
  -0.31535895E+01  0.10999999E+01 -0.31535895E+01
  -0.31535895E+01  0.11999996E+01 -0.31535895E+01
  -0.31535897E+01  0.12999998E+01 -0.31535897E+01
  -0.31535895E+01  0.14000000E+01 -0.31535895E+01
  -0.31535897E+01  0.15000000E+01 -0.31535897E+01
  -0.30349631E+01  0.16413296E+01 -0.30349631E+01
  -0.30762045E+01  0.15633366E+01 -0.30762045E+01
  -0.29349632E+01  0.16413295E+01 -0.29349632E+01
  -0.30669873E+01  0.54999971E+00 -0.30669873E+01
  -0.29740624E+01  0.43312377E+00 -0.29740624E+01
  -0.28416936E+01  0.35946211E+00 -0.28416936E+01
  -0.30669873E+01  0.64999974E+00 -0.30669873E+01
  -0.30669873E+01  0.74999988E+00 -0.30669873E+01
  -0.30669873E+01  0.85000002E+00 -0.30669873E+01
  -0.30669873E+01  0.94999999E+00 -0.30669873E+01
  -0.30669868E+01  0.10500001E+01 -0.30669868E+01
  -0.30669868E+01  0.11499997E+01 -0.30669868E+01
  -0.30669873E+01  0.12500000E+01 -0.30669873E+01
  -0.30669873E+01  0.13499997E+01 -0.30669873E+01
  -0.30669873E+01  0.14500003E+01 -0.30669873E+01
  -0.29762483E+01  0.15603818E+01 -0.29762483E+01
  -0.28349633E+01  0.16413294E+01 -0.28349633E+01
  -0.28740625E+01  0.43312365E+00 -0.28740625E+01
  -0.29684489E+01  0.53296608E+00 -0.29684489E+01
  -0.29803848E+01  0.59999973E+00 -0.29803848E+01
  -0.27416937E+01  0.35946202E+00 -0.27416937E+01
  -0.29803848E+01  0.69999981E+00 -0.29803848E+01
  -0.29803848E+01  0.79999995E+00 -0.29803848E+01
  -0.29803848E+01  0.89999998E+00 -0.29803848E+01
  -0.29803846E+01  0.99999958E+00 -0.29803846E+01
  -0.29803841E+01  0.10999999E+01 -0.29803841E+01
  -0.29803846E+01  0.12000002E+01 -0.29803846E+01
  -0.29803846E+01  0.12999998E+01 -0.29803846E+01
  -0.29803848E+01  0.14000000E+01 -0.29803848E+01
  -0.29783165E+01  0.14801909E+01 -0.29783165E+01
  -0.28762484E+01  0.15603817E+01 -0.28762484E+01
  -0.27349634E+01  0.16413293E+01 -0.27349634E+01
  -0.28877771E+01  0.14377335E+01 -0.28877771E+01
  -0.27762485E+01  0.15603817E+01 -0.27762485E+01
  -0.28937824E+01  0.13500001E+01 -0.28937824E+01
  -0.28035796E+01  0.14916849E+01 -0.28035796E+01
  -0.26349635E+01  0.16413295E+01 -0.26349635E+01
  -0.26762486E+01  0.15603814E+01 -0.26762486E+01
  -0.25349636E+01  0.16413293E+01 -0.25349636E+01
  -0.28937819E+01  0.12500000E+01 -0.28937819E+01
  -0.28937819E+01  0.11500005E+01 -0.28937819E+01
  -0.28937819E+01  0.10499994E+01 -0.28937819E+01
  -0.28937821E+01  0.94999963E+00 -0.28937821E+01
  -0.28937824E+01  0.84999996E+00 -0.28937824E+01
  -0.28937824E+01  0.74999988E+00 -0.28937824E+01
  -0.28937824E+01  0.64999974E+00 -0.28937824E+01
  -0.28011746E+01  0.13877333E+01 -0.28011746E+01
  -0.28071797E+01  0.13000004E+01 -0.28071797E+01
  -0.28071792E+01  0.12000003E+01 -0.28071792E+01
  -0.28071797E+01  0.10999999E+01 -0.28071797E+01
  -0.28071795E+01  0.99999934E+00 -0.28071795E+01
  -0.28071795E+01  0.89999962E+00 -0.28071795E+01
  -0.28071799E+01  0.79999995E+00 -0.28071799E+01
  -0.27169771E+01  0.14416850E+01 -0.27169771E+01
  -0.25762486E+01  0.15603817E+01 -0.25762486E+01
  -0.24349637E+01  0.16413295E+01 -0.24349637E+01
  -0.27145720E+01  0.13377336E+01 -0.27145720E+01
  -0.26229622E+01  0.14757613E+01 -0.26229622E+01
  -0.27205770E+01  0.12500007E+01 -0.27205770E+01
  -0.26303744E+01  0.13916851E+01 -0.26303744E+01
  -0.24762487E+01  0.15603814E+01 -0.24762487E+01
  -0.25229623E+01  0.14757615E+01 -0.25229623E+01
  -0.23349638E+01  0.16413293E+01 -0.23349638E+01
  -0.23762488E+01  0.15603817E+01 -0.23762488E+01
  -0.22349639E+01  0.16413292E+01 -0.22349639E+01
  -0.27205770E+01  0.11499997E+01 -0.27205770E+01
  -0.27205770E+01  0.10499998E+01 -0.27205770E+01
  -0.27205768E+01  0.94999945E+00 -0.27205768E+01
  -0.26279693E+01  0.12877339E+01 -0.26279693E+01
  -0.26339748E+01  0.12000003E+01 -0.26339748E+01
  -0.26339743E+01  0.10999998E+01 -0.26339743E+01
  -0.28684487E+01  0.53296596E+00 -0.28684487E+01
  -0.27740626E+01  0.43312371E+00 -0.27740626E+01
  -0.28071799E+01  0.69999981E+00 -0.28071799E+01
  -0.28028328E+01  0.60842830E+00 -0.28028328E+01
  -0.26416938E+01  0.35946208E+00 -0.26416938E+01
  -0.27684488E+01  0.53296602E+00 -0.27684488E+01
  -0.26740627E+01  0.43312365E+00 -0.26740627E+01
  -0.25416939E+01  0.35946211E+00 -0.25416939E+01
  -0.27205770E+01  0.84999937E+00 -0.27205770E+01
  -0.27205775E+01  0.74999988E+00 -0.27205775E+01
  -0.27162304E+01  0.65842843E+00 -0.27162304E+01
  -0.26339743E+01  0.99999982E+00 -0.26339743E+01
  -0.26339743E+01  0.89999920E+00 -0.26339743E+01
  -0.26339746E+01  0.79999918E+00 -0.26339746E+01
  -0.20999999E+01  0.16535897E+01 -0.20999999E+01
  -0.20000000E+01  0.16535897E+01 -0.20000000E+01
  -0.18999999E+01  0.16535897E+01 -0.18999999E+01
  -0.17999998E+01  0.16535898E+01 -0.17999998E+01
  -0.16999999E+01  0.16535898E+01 -0.16999999E+01
  -0.15999999E+01  0.16535897E+01 -0.15999999E+01
  -0.15000000E+01  0.16535897E+01 -0.15000000E+01
  -0.14000000E+01  0.16535898E+01 -0.14000000E+01
  -0.13000001E+01  0.16535898E+01 -0.13000001E+01
  -0.12000000E+01  0.16535897E+01 -0.12000000E+01
  -0.11000000E+01  0.16535897E+01 -0.11000000E+01
  -0.10000000E+01  0.16535897E+01 -0.10000000E+01
  -0.90000004E+00  0.16535897E+01 -0.90000004E+00
  -0.80000001E+00  0.16535897E+01 -0.80000001E+00
  -0.69999999E+00  0.16535897E+01 -0.69999999E+00
  -0.60000002E+00  0.16535897E+01 -0.60000002E+00
  -0.50000000E+00  0.16535897E+01 -0.50000000E+00
  -0.35867059E+00  0.15349630E+01 -0.35867059E+00
  -0.43666351E+00  0.15762044E+01 -0.43666351E+00
  -0.35867056E+00  0.14349630E+01 -0.35867056E+00
  -0.22849638E+01  0.15547267E+01 -0.22849638E+01
  -0.24262486E+01  0.14737790E+01 -0.24262486E+01
  -0.25315907E+01  0.13761345E+01 -0.25315907E+01
  -0.21608284E+01  0.15742179E+01 -0.21608284E+01
  -0.20500000E+01  0.15669872E+01 -0.20500000E+01
  -0.19499999E+01  0.15669873E+01 -0.19499999E+01
  -0.18499998E+01  0.15669872E+01 -0.18499998E+01
  -0.17499999E+01  0.15669873E+01 -0.17499999E+01
  -0.16500000E+01  0.15669872E+01 -0.16500000E+01
  -0.15500000E+01  0.15669872E+01 -0.15500000E+01
  -0.14499999E+01  0.15669872E+01 -0.14499999E+01
  -0.13500000E+01  0.15669873E+01 -0.13500000E+01
  -0.12500001E+01  0.15669872E+01 -0.12500001E+01
  -0.11500001E+01  0.15669872E+01 -0.11500001E+01
  -0.10500000E+01  0.15669872E+01 -0.10500000E+01
  -0.95000005E+00  0.15669872E+01 -0.95000005E+00
  -0.85000002E+00  0.15669872E+01 -0.85000002E+00
  -0.75000000E+00  0.15669872E+01 -0.75000000E+00
  -0.64999998E+00  0.15669872E+01 -0.64999998E+00
  -0.55000001E+00  0.15669872E+01 -0.55000001E+00
  -0.43961847E+00  0.14762480E+01 -0.43961847E+00
  -0.35867056E+00  0.13349630E+01 -0.35867056E+00
  -0.34471324E+00  0.11971698E+01 -0.34471324E+00
  -0.34234035E+00  0.11216581E+01 -0.34234035E+00
  -0.43319863E+00  0.10099807E+01 -0.43319863E+00
  -0.49205339E+00  0.96570915E+00 -0.49205339E+00
  -0.44527310E+00  0.13849630E+01 -0.44527310E+00
  -0.53924102E+00  0.14675677E+01 -0.53924102E+00
  -0.42346725E+00  0.12587961E+01 -0.42346725E+00
  -0.43607208E+00  0.11565058E+01 -0.43607208E+00
  -0.51006973E+00  0.13087962E+01 -0.51006973E+00
  -0.52465534E+00  0.13881819E+01 -0.52465534E+00
  -0.63924098E+00  0.14675677E+01 -0.63924098E+00
  -0.51482612E+00  0.12181320E+01 -0.51482612E+00
  -0.50267029E+00  0.10819091E+01 -0.50267029E+00
  -0.60735106E+00  0.13319554E+01 -0.60735106E+00
  -0.73924100E+00  0.14675677E+01 -0.73924100E+00
  -0.23361051E+01  0.14687932E+01 -0.23361051E+01
  -0.22108283E+01  0.14876153E+01 -0.22108283E+01
  -0.21108284E+01  0.14876153E+01 -0.21108284E+01
  -0.19999999E+01  0.14803847E+01 -0.19999999E+01
  -0.19000000E+01  0.14803848E+01 -0.19000000E+01
  -0.17999997E+01  0.14803847E+01 -0.17999997E+01
  -0.17000000E+01  0.14803847E+01 -0.17000000E+01
  -0.15999999E+01  0.14803846E+01 -0.15999999E+01
  -0.15000000E+01  0.14803846E+01 -0.15000000E+01
  -0.13999999E+01  0.14803847E+01 -0.13999999E+01
  -0.13000002E+01  0.14803847E+01 -0.13000002E+01
  -0.12000000E+01  0.14803846E+01 -0.12000000E+01
  -0.11000000E+01  0.14803847E+01 -0.11000000E+01
  -0.10000000E+01  0.14803846E+01 -0.10000000E+01
  -0.90000004E+00  0.14803846E+01 -0.90000004E+00
  -0.81962049E+00  0.14739761E+01 -0.81962049E+00
  -0.68924099E+00  0.13809651E+01 -0.68924099E+00
  -0.58235538E+00  0.92274922E+00 -0.58235538E+00
  -0.57824206E+00  0.10164193E+01 -0.57824206E+00
  -0.58142436E+00  0.11435354E+01 -0.58142436E+00
  -0.61383647E+00  0.12321659E+01 -0.61383647E+00
  -0.78670371E+00  0.13795490E+01 -0.78670371E+00
  -0.69342607E+00  0.12810528E+01 -0.69342607E+00
  -0.86708319E+00  0.13859575E+01 -0.86708319E+00
  -0.95000005E+00  0.13937820E+01 -0.95000005E+00
  -0.10500001E+01  0.13937820E+01 -0.10500001E+01
  -0.11500000E+01  0.13937820E+01 -0.11500000E+01
  -0.12500002E+01  0.13937821E+01 -0.12500002E+01
  -0.13500000E+01  0.13937820E+01 -0.13500000E+01
  -0.14499998E+01  0.13937821E+01 -0.14499998E+01
  -0.15500000E+01  0.13937820E+01 -0.15500000E+01
  -0.16500001E+01  0.13937821E+01 -0.16500001E+01
  -0.17499999E+01  0.13937820E+01 -0.17499999E+01
  -0.18500000E+01  0.13937824E+01 -0.18500000E+01
  -0.68043470E+00  0.11575693E+01 -0.68043470E+00
  -0.65699613E+00  0.10780455E+01 -0.65699613E+00
  -0.79341787E+00  0.12797747E+01 -0.79341787E+00
  -0.76489502E+00  0.12111086E+01 -0.76489502E+00
  -0.89295715E+00  0.12893628E+01 -0.89295715E+00
  -0.10000000E+01  0.13071795E+01 -0.10000000E+01
  -0.11000000E+01  0.13071795E+01 -0.11000000E+01
  -0.12000002E+01  0.13071797E+01 -0.12000002E+01
  -0.13000001E+01  0.13071796E+01 -0.13000001E+01
  -0.14000000E+01  0.13071796E+01 -0.14000000E+01
  -0.14999998E+01  0.13071797E+01 -0.14999998E+01
  -0.16000001E+01  0.13071797E+01 -0.16000001E+01
  -0.16999999E+01  0.13071796E+01 -0.16999999E+01
  -0.85149109E+00  0.11983652E+01 -0.85149109E+00
  -0.76903123E+00  0.11111941E+01 -0.76903123E+00
  -0.67098898E+00  0.97902930E+00 -0.67098898E+00
  -0.66718918E+00  0.86980367E+00 -0.66718918E+00
  -0.74974304E+00  0.10406555E+01 -0.74974304E+00
  -0.96027029E+00  0.12154105E+01 -0.96027029E+00
  -0.10500000E+01  0.12205769E+01 -0.10500000E+01
  -0.86838013E+00  0.10998018E+01 -0.86838013E+00
  -0.11500003E+01  0.12205771E+01 -0.11500003E+01
  -0.12500000E+01  0.12205771E+01 -0.12500000E+01
  -0.13500000E+01  0.12205770E+01 -0.13500000E+01
  -0.14499999E+01  0.12205771E+01 -0.14499999E+01
  -0.15500000E+01  0.12205772E+01 -0.15500000E+01
  -0.19499998E+01  0.13937823E+01 -0.19499998E+01
  -0.20608284E+01  0.14010128E+01 -0.20608284E+01
  -0.21608284E+01  0.14010128E+01 -0.21608284E+01
  -0.18000003E+01  0.13071797E+01 -0.18000003E+01
  -0.16500000E+01  0.12205771E+01 -0.16500000E+01
  -0.22619696E+01  0.14016818E+01 -0.22619696E+01
  -0.23861048E+01  0.13821903E+01 -0.23861048E+01
  -0.25286393E+01  0.12761781E+01 -0.25286393E+01
  -0.24573722E+01  0.13291843E+01 -0.24573722E+01
  -0.18999997E+01  0.13071798E+01 -0.18999997E+01
  -0.20108280E+01  0.13144103E+01 -0.20108280E+01
  -0.17500002E+01  0.12205772E+01 -0.17500002E+01
  -0.21108284E+01  0.13144102E+01 -0.21108284E+01
  -0.22119696E+01  0.13150792E+01 -0.22119696E+01
  -0.23119693E+01  0.13150791E+01 -0.23119693E+01
  -0.18500001E+01  0.12205770E+01 -0.18500001E+01
  -0.19608279E+01  0.12278078E+01 -0.19608279E+01
  -0.20608282E+01  0.12278078E+01 -0.20608282E+01
  -0.21619694E+01  0.12284766E+01 -0.21619694E+01
  -0.22619696E+01  0.12284765E+01 -0.22619696E+01
  -0.23912654E+01  0.12541517E+01 -0.23912654E+01
  -0.25367730E+01  0.11765095E+01 -0.25367730E+01
  -0.75278705E+00  0.92150474E+00 -0.75278705E+00
  -0.74553579E+00  0.80766022E+00 -0.74553579E+00
  -0.83154118E+00  0.98313099E+00 -0.83154118E+00
  -0.96711713E+00  0.11156452E+01 -0.96711713E+00
  -0.25473719E+01  0.10499998E+01 -0.25473719E+01
  -0.24640193E+01  0.12153306E+01 -0.24640193E+01
  -0.25473719E+01  0.94999951E+00 -0.25473719E+01
  -0.24650714E+01  0.11068035E+01 -0.24650714E+01
  -0.23847535E+01  0.11543640E+01 -0.23847535E+01
  -0.24570284E+01  0.10071275E+01 -0.24570284E+01
  -0.23798499E+01  0.10544842E+01 -0.23798499E+01
  -0.22873440E+01  0.11317495E+01 -0.22873440E+01
  -0.22119694E+01  0.11418741E+01 -0.22119694E+01
  -0.21119692E+01  0.11418742E+01 -0.21119692E+01
  -0.20108280E+01  0.11412053E+01 -0.20108280E+01
  -0.19108285E+01  0.11412050E+01 -0.19108285E+01
  -0.25473714E+01  0.84999949E+00 -0.25473714E+01
  -0.26339755E+01  0.69999915E+00 -0.26339755E+01
  -0.26746027E+01  0.56750464E+00 -0.26746027E+01
  -0.25740628E+01  0.43312371E+00 -0.25740628E+01
  -0.24416938E+01  0.35946202E+00 -0.24416938E+01
  -0.26243329E+01  0.50031418E+00 -0.26243329E+01
  -0.24570282E+01  0.90712756E+00 -0.24570282E+01
  -0.25473719E+01  0.74999946E+00 -0.25473719E+01
  -0.25853555E+01  0.61261445E+00 -0.25853555E+01
  -0.24740629E+01  0.43312374E+00 -0.24740629E+01
  -0.25265164E+01  0.52109724E+00 -0.25265164E+01
  -0.23416939E+01  0.35946202E+00 -0.23416939E+01
  -0.23740630E+01  0.43312383E+00 -0.23740630E+01
  -0.22416940E+01  0.35946208E+00 -0.22416940E+01
  -0.24265165E+01  0.52109724E+00 -0.24265165E+01
  -0.24853561E+01  0.61223364E+00 -0.24853561E+01
  -0.25163641E+01  0.68111658E+00 -0.25163641E+01
  -0.24607692E+01  0.79999906E+00 -0.24607692E+01
  -0.22740631E+01  0.43312386E+00 -0.22740631E+01
  -0.21416941E+01  0.35946208E+00 -0.21416941E+01
  -0.24164279E+01  0.68468279E+00 -0.24164279E+01
  -0.23853562E+01  0.61223346E+00 -0.23853562E+01
  -0.23265166E+01  0.52109730E+00 -0.23265166E+01
  -0.21740632E+01  0.43312395E+00 -0.21740632E+01
  -0.20416942E+01  0.35946214E+00 -0.20416942E+01
  -0.22265167E+01  0.52109730E+00 -0.22265167E+01
  -0.22853563E+01  0.61223358E+00 -0.22853563E+01
  -0.23651996E+01  0.77056432E+00 -0.23651996E+01
  -0.23745263E+01  0.85061693E+00 -0.23745263E+01
  -0.23704259E+01  0.95712775E+00 -0.23704259E+01
  -0.22824404E+01  0.10318698E+01 -0.22824404E+01
  -0.23252778E+01  0.69139898E+00 -0.23252778E+01
  -0.20740633E+01  0.43312392E+00 -0.20740633E+01
  -0.19416941E+01  0.35946211E+00 -0.19416941E+01
  -0.21619692E+01  0.10552716E+01 -0.21619692E+01
  -0.22735662E+01  0.93226427E+00 -0.22735662E+01
  -0.22789567E+01  0.82118189E+00 -0.22789567E+01
  -0.21917424E+01  0.98975223E+00 -0.21917424E+01
  -0.20619690E+01  0.10552717E+01 -0.20619690E+01
  -0.21265168E+01  0.52109742E+00 -0.21265168E+01
  -0.21853564E+01  0.61223352E+00 -0.21853564E+01
  -0.22252808E+01  0.69217688E+00 -0.22252808E+01
  -0.21932452E+01  0.87269461E+00 -0.21932452E+01
  -0.21860602E+01  0.78416473E+00 -0.21860602E+01
  -0.21114216E+01  0.93018264E+00 -0.21114216E+01
  -0.19619777E+01  0.10539490E+01 -0.19619777E+01
  -0.18116760E+01  0.11282122E+01 -0.18116760E+01
  -0.19740633E+01  0.43312401E+00 -0.19740633E+01
  -0.18416941E+01  0.35946211E+00 -0.18416941E+01
  -0.20265169E+01  0.52109742E+00 -0.20265169E+01
  -0.20853565E+01  0.61223370E+00 -0.20853565E+01
  -0.21252806E+01  0.69217676E+00 -0.21252806E+01
  -0.21003489E+01  0.83567750E+00 -0.21003489E+01
  -0.20178728E+01  0.96551907E+00 -0.20178728E+01
  -0.18619777E+01  0.10539490E+01 -0.18619777E+01
  -0.20185251E+01  0.89316553E+00 -0.20185251E+01
  -0.19178815E+01  0.96419638E+00 -0.19178815E+01
  -0.20452955E+01  0.75219637E+00 -0.20452955E+01
  -0.18740633E+01  0.43312395E+00 -0.18740633E+01
  -0.17416942E+01  0.35946211E+00 -0.17416942E+01
  -0.19265170E+01  0.52109754E+00 -0.19265170E+01
  -0.19853566E+01  0.61223364E+00 -0.19853566E+01
  -0.20153260E+01  0.68221498E+00 -0.20153260E+01
  -0.19634718E+01  0.80968428E+00 -0.19634718E+01
  -0.19406767E+01  0.88694036E+00 -0.19406767E+01
  -0.17740632E+01  0.43312395E+00 -0.17740632E+01
  -0.16416942E+01  0.35946211E+00 -0.16416942E+01
  -0.18265170E+01  0.52109754E+00 -0.18265170E+01
  -0.18853565E+01  0.61223382E+00 -0.18853565E+01
  -0.19221828E+01  0.71860623E+00 -0.19221828E+01
  -0.16740633E+01  0.43312386E+00 -0.16740633E+01
  -0.15416943E+01  0.35946214E+00 -0.15416943E+01
  -0.17265170E+01  0.52109754E+00 -0.17265170E+01
  -0.17853565E+01  0.61223376E+00 -0.17853565E+01
  -0.18256612E+01  0.69246137E+00 -0.18256612E+01
  -0.18639512E+01  0.79990256E+00 -0.18639512E+01
  -0.18414896E+01  0.89966512E+00 -0.18414896E+01
  -0.18178815E+01  0.96419638E+00 -0.18178815E+01
  -0.17628253E+01  0.10409563E+01 -0.17628253E+01
  -0.17116760E+01  0.11282125E+01 -0.17116760E+01
  -0.16116760E+01  0.11282123E+01 -0.16116760E+01
  -0.15740633E+01  0.43312395E+00 -0.15740633E+01
  -0.14416944E+01  0.35946211E+00 -0.14416944E+01
  -0.16265171E+01  0.52109736E+00 -0.16265171E+01
  -0.16853565E+01  0.61223382E+00 -0.16853565E+01
  -0.17256612E+01  0.69246137E+00 -0.17256612E+01
  -0.17674295E+01  0.77375758E+00 -0.17674295E+01
  -0.17414895E+01  0.89966524E+00 -0.17414895E+01
  -0.16628252E+01  0.10409565E+01 -0.16628252E+01
  -0.17021574E+01  0.97031087E+00 -0.17021574E+01
  -0.15116760E+01  0.11282125E+01 -0.15116760E+01
  -0.15628253E+01  0.10409564E+01 -0.15628253E+01
  -0.16025786E+01  0.96114206E+00 -0.16025786E+01
  -0.16419108E+01  0.89049637E+00 -0.16419108E+01
  -0.16794286E+01  0.82125324E+00 -0.16794286E+01
  -0.14116759E+01  0.11282123E+01 -0.14116759E+01
  -0.14628253E+01  0.10409565E+01 -0.14628253E+01
  -0.15025786E+01  0.96114206E+00 -0.15025786E+01
  -0.15423321E+01  0.88132763E+00 -0.15423321E+01
  -0.16339034E+01  0.73221695E+00 -0.16339034E+01
  -0.13116759E+01  0.11282121E+01 -0.13116759E+01
  -0.13628253E+01  0.10409564E+01 -0.13628253E+01
  -0.14025787E+01  0.96114212E+00 -0.14025787E+01
  -0.12116760E+01  0.11282123E+01 -0.12116760E+01
  -0.11000004E+01  0.11339746E+01 -0.11000004E+01
  -0.93146938E+00  0.10222148E+01 -0.93146938E+00
  -0.10436938E+01  0.10513333E+01 -0.10436938E+01
  -0.84553397E+00  0.88411480E+00 -0.84553397E+00
  -0.81644726E+00  0.73715091E+00 -0.81644726E+00
  -0.91224432E+00  0.92408019E+00 -0.91224432E+00
  -0.12628253E+01  0.10409560E+01 -0.12628253E+01
  -0.11515660E+01  0.10482950E+01 -0.11515660E+01
  -0.10080460E+01  0.95790291E+00 -0.10080460E+01
  -0.10952594E+01  0.96565384E+00 -0.10952594E+01
  -0.13128256E+01  0.95435369E+00 -0.13128256E+01
  -0.12017314E+01  0.96178818E+00 -0.12017314E+01
  -0.14525787E+01  0.87453949E+00 -0.14525787E+01
  -0.15881177E+01  0.80677229E+00 -0.15881177E+01
  -0.15900048E+01  0.64236754E+00 -0.15900048E+01
  -0.14885972E+01  0.79699159E+00 -0.14885972E+01
  -0.15343828E+01  0.72243631E+00 -0.15343828E+01
  -0.13525786E+01  0.87453961E+00 -0.13525786E+01
  -0.15341513E+01  0.55941939E+00 -0.15341513E+01
  -0.14740633E+01  0.43312386E+00 -0.14740633E+01
  -0.13416944E+01  0.35946214E+00 -0.13416944E+01
  -0.11971693E+01  0.34471327E+00 -0.11971693E+01
  -0.11216578E+01  0.34234029E+00 -0.11216578E+01
  -0.14904844E+01  0.63258690E+00 -0.14904844E+01
  -0.10099808E+01  0.43319845E+00 -0.10099808E+01
  -0.96570915E+00  0.49205339E+00 -0.96570915E+00
  -0.90898532E+00  0.59030199E+00 -0.90898532E+00
  -0.86271632E+00  0.66372645E+00 -0.86271632E+00
  -0.89597875E+00  0.79777056E+00 -0.89597875E+00
  -0.98882097E+00  0.85976827E+00 -0.98882097E+00
  -0.94954729E+00  0.71332878E+00 -0.94954729E+00
  -0.10596117E+01  0.87222344E+00 -0.10596117E+01
  -0.96918416E+00  0.78654850E+00 -0.96918416E+00
  -0.11454248E+01  0.87914705E+00 -0.11454248E+01
  -0.12517318E+01  0.87518585E+00 -0.12517318E+01
  -0.10682056E+01  0.77259344E+00 -0.10682056E+01
  -0.10016241E+01  0.62795901E+00 -0.10016241E+01
  -0.10349149E+01  0.70027626E+00 -0.10349149E+01
  -0.11677918E+01  0.78168058E+00 -0.11677918E+01
  -0.10621444E+01  0.51851523E+00 -0.10621444E+01
  -0.11096261E+01  0.44161385E+00 -0.11096261E+01
  -0.14025785E+01  0.78793705E+00 -0.14025785E+01
  -0.13016019E+01  0.78850842E+00 -0.13016019E+01
  -0.14465314E+01  0.71026194E+00 -0.14465314E+01
  -0.13740633E+01  0.43312374E+00 -0.13740633E+01
  -0.14395583E+01  0.52698231E+00 -0.14395583E+01
  -0.12624542E+01  0.42046210E+00 -0.12624542E+01
  -0.11860402E+01  0.43103796E+00 -0.11860402E+01
  -0.13920475E+01  0.61497509E+00 -0.13920475E+01
  -0.13466685E+01  0.70502698E+00 -0.13466685E+01
  -0.13395582E+01  0.52698213E+00 -0.13395582E+01
  -0.12399714E+01  0.51790196E+00 -0.12399714E+01
  -0.11604818E+01  0.52771664E+00 -0.11604818E+01
  -0.11001757E+01  0.61100101E+00 -0.11001757E+01
  -0.11348906E+01  0.69807422E+00 -0.11348906E+01
  -0.12384803E+01  0.71094769E+00 -0.12384803E+01
  -0.11995884E+01  0.62182337E+00 -0.11995884E+01
  -0.12879814E+01  0.62405896E+00 -0.12879814E+01
         50        51       106
         51        52       106
         86        87       107
         85        86       107
        105         1       108
          1         2       108
         25        26       109
        109        26        27
         41        42       110
         40        41       110
        104       105       111
        111       105       108
        108         2       112
        111       108       112
        112         2         3
        103       104       113
        113       104       111
        102       103       114
        114       103       113
        101       102       115
        115       102       114
        100       101       116
        116       101       115
         99       100       117
        117       100       116
         98        99       118
        118        99       117
         97        98       119
        119        98       118
         96        97       120
        120        97       119
         95        96       121
        121        96       120
         94        95       122
        122        95       121
         93        94       123
        123        94       122
         92        93       124
        124        93       123
         91        92       125
        125        92       124
         90        91       126
        126        91       125
         89        90       127
        127        90       126
         88        89       128
        128        89       127
         87        88       129
        129        88       128
        107        87       129
         85       107       130
        130       107       129
         84        85       130
          3         4       131
        112         3       131
        111       112       132
        132       112       131
        113       111       132
          4         5       133
        131         4       133
          5         6       134
        133         5       134
          6         7       135
        134         6       135
          7         8       136
        135         7       136
          8         9       137
        136         8       137
          9        10       138
        137         9       138
         10        11       139
        138        10       139
         11        12       140
        139        11       140
         12        13       141
        140        12       141
         13        14       142
        141        13       142
         14        15       143
        142        14       143
         15        16       144
        143        15       144
         16        17       145
        144        16       145
         17        18       146
        145        17       146
         18        19       147
        146        18       147
         19        20       148
        147        19       148
         20        21       149
        148        20       149
         21        22       150
        149        21       150
         22        23       151
        150        22       151
         23        24       152
        151        23       152
         24        25       153
        152        24       153
        153        25       109
        109        27       154
        153       109       154
        154        27        28
         83        84       155
        155        84       130
        130       129       156
        155       130       156
        156       129       128
         82        83       157
        157        83       155
         81        82       158
        158        82       157
         80        81       159
        159        81       158
         79        80       160
        160        80       159
         78        79       161
        161        79       160
         77        78       162
        162        78       161
         76        77       163
        163        77       162
         75        76       164
        164        76       163
         74        75       165
        165        75       164
         73        74       166
        166        74       165
         72        73       167
        167        73       166
         71        72       168
        168        72       167
         70        71       169
        169        71       168
         69        70       170
        170        70       169
         68        69       171
        171        69       170
         67        68       172
        172        68       171
         66        67       173
        173        67       172
         65        66       174
        174        66       173
         64        65       175
        175        65       174
         63        64       176
        176        64       175
         62        63       177
        177        63       176
         61        62       178
        178        62       177
         60        61       179
        179        61       178
         59        60       180
        180        60       179
         58        59       181
        181        59       180
         57        58       182
        182        58       181
         56        57       183
        183        57       182
         55        56       184
        184        56       183
         54        55       185
        185        55       184
         53        54       186
        186        54       185
         52        53       187
        187        53       186
        106        52       187
         50       106       188
        188       106       187
         49        50       188
         48        49       189
        189        49       188
        188       187       190
        189       188       190
        190       187       186
         47        48       191
        191        48       189
         46        47       192
        192        47       191
         45        46       193
        193        46       192
         44        45       194
        194        45       193
         43        44       195
        195        44       194
         42        43       196
        196        43       195
        110        42       196
         40       110       197
        197       110       196
         39        40       197
        128       127       198
        156       128       198
        155       156       199
        157       155       199
        127       126       200
        198       127       200
        156       198       201
        199       156       201
        126       125       202
        200       126       202
        125       124       203
        202       125       203
        124       123       204
        203       124       204
        123       122       205
        204       123       205
        122       121       206
        205       122       206
        121       120       207
        206       121       207
        120       119       208
        207       120       208
        119       118       209
        208       119       209
        118       117       210
        209       118       210
        117       116       211
        210       117       211
        116       115       212
        211       116       212
        115       114       213
        212       115       213
        114       113       214
        213       114       214
        214       113       132
        132       131       215
        215       131       133
        214       132       216
        216       132       215
        186       185       217
        190       186       217
        189       190       218
        191       189       218
        185       184       219
        217       185       219
        190       217       220
        218       190       220
        184       183       221
        219       184       221
        183       182       222
        221       183       222
        182       181       223
        222       182       223
        181       180       224
        223       181       224
        180       179       225
        224       180       225
        179       178       226
        225       179       226
        178       177       227
        226       178       227
        177       176       228
        227       177       228
        176       175       229
        228       176       229
        175       174       230
        229       175       230
        174       173       231
        230       174       231
        173       172       232
        231       173       232
        172       171       233
        232       172       233
        171       170       234
        233       171       234
        170       169       235
        234       170       235
        169       168       236
        235       169       236
        168       167       237
        236       168       237
        167       166       238
        237       167       238
        166       165       239
        238       166       239
        165       164       240
        239       165       240
        164       163       241
        240       164       241
        163       162       242
        241       163       242
        162       161       243
        242       162       243
        161       160       244
        243       161       244
        160       159       245
        244       160       245
        159       158       246
        245       159       246
        158       157       247
        246       158       247
        247       157       199
        192       191       248
        248       191       218
        193       192       249
        249       192       248
        194       193       250
        250       193       249
        195       194       251
        251       194       250
        196       195       252
        252       195       251
        197       196       252
         39       197       253
         38        39       253
        197       252       253
        133       134       254
        215       133       254
        134       135       255
        254       134       255
        135       136       256
        255       135       256
        136       137       257
        256       136       257
        137       138       258
        257       137       258
        138       139       259
        258       138       259
        139       140       260
        259       139       260
        140       141       261
        260       140       261
        141       142       262
        261       141       262
        142       143       263
        262       142       263
        143       144       264
        263       143       264
        144       145       265
        264       144       265
        145       146       266
        265       145       266
        146       147       267
        266       146       267
        147       148       268
        267       147       268
        148       149       269
        268       148       269
        149       150       270
        269       149       270
        150       151       271
        270       150       271
        151       152       272
        271       151       272
        152       153       273
        272       152       273
        153       154       273
        154        28       274
         28        29       274
        273       154       274
        248       218       275
        218       220       275
        220       217       276
        275       220       276
        276       217       219
        249       248       277
        277       248       275
        250       249       278
        278       249       277
        251       250       279
        279       250       278
        252       251       280
        280       251       279
        253       252       281
        281       252       280
         38       253       282
         37        38       282
        253       281       282
        219       221       283
        276       219       283
        275       276       284
        277       275       284
        221       222       285
        283       221       285
        276       283       284
        222       223       286
        285       222       286
        223       224       287
        286       223       287
        224       225       288
        287       224       288
        225       226       289
        288       225       289
        226       227       290
        289       226       290
        227       228       291
        290       227       291
        228       229       292
        291       228       292
        229       230       293
        292       229       293
        230       231       294
        293       230       294
        231       232       295
        294       231       295
        232       233       296
        295       232       296
        233       234       297
        296       233       297
        234       235       298
        297       234       298
        235       236       299
        298       235       299
        236       237       300
        299       236       300
        237       238       301
        300       237       301
        238       239       302
        301       238       302
        239       240       303
        302       239       303
        240       241       304
        303       240       304
        241       242       305
        304       241       305
        242       243       306
        305       242       306
        243       244       307
        306       243       307
        244       245       308
        307       244       308
        245       246       309
        308       245       309
        246       247       310
        309       246       310
        247       199       311
        310       247       311
        199       201       311
        201       198       312
        311       201       312
        312       198       200
        200       202       313
        312       200       313
        311       312       314
        310       311       314
        202       203       315
        313       202       315
        312       313       314
        203       204       316
        315       203       316
        204       205       317
        316       204       317
        205       206       318
        317       205       318
        206       207       319
        318       206       319
        207       208       320
        319       207       320
        208       209       321
        320       208       321
        209       210       322
        321       209       322
        210       211       323
        322       210       323
        211       212       324
        323       211       324
        212       213       325
        324       212       325
        213       214       326
        325       213       326
        214       216       326
        216       215       327
        326       216       327
        327       215       254
        254       255       328
        327       254       328
        326       327       329
        329       327       328
        325       326       329
        255       256       330
        328       255       330
        256       257       331
        330       256       331
        257       258       332
        331       257       332
        258       259       333
        332       258       333
        259       260       334
        333       259       334
        260       261       335
        334       260       335
        261       262       336
        335       261       336
        262       263       337
        336       262       337
        263       264       338
        337       263       338
        264       265       339
        338       264       339
        265       266       340
        339       265       340
        266       267       341
        340       266       341
        267       268       342
        341       267       342
        268       269       343
        342       268       343
        269       270       344
        343       269       344
        270       271       345
        344       270       345
        271       272       346
        345       271       346
        272       273       347
        346       272       347
        273       274       348
        347       273       348
        274        29       349
         29        30       349
        348       274       349
        324       325       350
        350       325       329
        329       328       351
        328       330       351
        323       324       352
        352       324       350
        350       329       353
        353       329       351
        351       330       354
        330       331       354
        322       323       355
        355       323       352
        321       322       356
        356       322       355
        320       321       357
        357       321       356
        319       320       358
        358       320       357
        318       319       359
        359       319       358
        317       318       360
        360       318       359
        316       317       361
        361       317       360
        315       316       362
        362       316       361
        313       315       363
        363       315       362
        314       313       363
        310       314       364
        309       310       364
        314       363       365
        364       314       365
        309       364       366
        308       309       366
        352       350       367
        367       350       353
        353       351       368
        368       351       354
        354       331       369
        331       332       369
        355       352       370
        370       352       367
        367       353       368
        356       355       371
        371       355       370
        357       356       372
        372       356       371
        358       357       373
        373       357       372
        359       358       374
        374       358       373
        360       359       375
        375       359       374
        361       360       376
        376       360       375
        362       361       377
        377       361       376
        363       362       378
        378       362       377
        365       363       378
        364       365       379
        366       364       379
        365       378       379
        308       366       380
        307       308       380
        368       354       381
        381       354       369
        367       368       382
        370       367       383
        383       367       382
        382       368       381
        369       332       384
        332       333       384
        371       370       385
        385       370       383
        372       371       386
        386       371       385
        373       372       387
        387       372       386
        374       373       388
        388       373       387
        375       374       389
        389       374       388
        376       375       390
        390       375       389
        377       376       391
        391       376       390
        378       377       392
        392       377       391
        379       378       393
        393       378       392
        366       379       394
        380       366       394
        379       393       394
        307       380       395
        306       307       395
        393       392       396
        394       393       396
        380       394       397
        395       380       397
        392       391       398
        396       392       398
        394       396       399
        397       394       399
        306       395       400
        305       306       400
        395       397       401
        400       395       401
        305       400       402
        304       305       402
        391       390       403
        398       391       403
        390       389       404
        403       390       404
        389       388       405
        404       389       405
        388       387       406
        405       388       406
        387       386       407
        406       387       407
        386       385       408
        407       386       408
        385       383       409
        408       385       409
        383       382       409
        396       398       410
        399       396       410
        397       399       401
        398       403       411
        410       398       411
        403       404       412
        411       403       412
        404       405       413
        412       404       413
        405       406       414
        413       405       414
        406       407       415
        414       406       415
        407       408       416
        415       407       416
        399       410       417
        401       399       417
        400       401       418
        402       400       418
        304       402       419
        303       304       419
        410       411       420
        417       410       420
        401       417       421
        418       401       421
        411       412       422
        420       411       422
        417       420       423
        421       417       423
        402       418       424
        419       402       424
        418       421       425
        424       418       425
        303       419       426
        302       303       426
        419       424       427
        426       419       427
        302       426       428
        301       302       428
        412       413       429
        422       412       429
        413       414       430
        429       413       430
        414       415       431
        430       414       431
        420       422       432
        423       420       432
        421       423       425
        422       429       433
        432       422       433
        429       430       434
        433       429       434
        382       381       435
        409       382       435
        381       369       436
        436       369       384
        435       381       436
        408       409       437
        416       408       437
        409       435       438
        437       409       438
        384       333       439
        333       334       439
        435       436       440
        438       435       440
        436       384       441
        441       384       439
        439       334       442
        334       335       442
        440       436       441
        415       416       443
        431       415       443
        416       437       444
        443       416       444
        437       438       445
        444       437       445
        438       440       445
        430       431       446
        434       430       446
        431       443       447
        446       431       447
        443       444       448
        447       443       448
        300       301       449
        449       301       428
        299       300       450
        450       300       449
        298       299       451
        451       299       450
        297       298       452
        452       298       451
        296       297       453
        453       297       452
        295       296       454
        454       296       453
        294       295       455
        455       295       454
        293       294       456
        456       294       455
        292       293       457
        457       293       456
        291       292       458
        458       292       457
        290       291       459
        459       291       458
        289       290       460
        460       290       459
        288       289       461
        461       289       460
        287       288       462
        462       288       461
        286       287       463
        463       287       462
        285       286       464
        464       286       463
        283       285       465
        465       285       464
        284       283       465
        277       284       466
        278       277       466
        284       465       467
        466       284       467
        278       466       468
        279       278       468
        428       426       469
        469       426       427
        427       424       470
        470       424       425
        425       423       471
        423       432       471
        449       428       472
        450       449       473
        473       449       472
        472       428       469
        451       450       474
        474       450       473
        452       451       475
        475       451       474
        453       452       476
        476       452       475
        454       453       477
        477       453       476
        455       454       478
        478       454       477
        456       455       479
        479       455       478
        457       456       480
        480       456       479
        458       457       481
        481       457       480
        459       458       482
        482       458       481
        460       459       483
        483       459       482
        461       460       484
        484       460       483
        462       461       485
        485       461       484
        463       462       486
        486       462       485
        464       463       487
        487       463       486
        465       464       488
        488       464       487
        467       465       488
        466       467       489
        468       466       489
        467       488       489
        279       468       490
        280       279       490
        281       280       491
        491       280       490
        282       281       492
        492       281       491
         37       282       493
         36        37       494
        494        37       493
        282       492       493
        490       468       495
        495       468       489
        489       488       496
        488       487       496
        491       490       497
        492       491       498
        498       491       497
        493       492       498
        497       490       495
        495       489       496
        497       495       499
        495       496       500
        499       495       500
        496       487       501
        487       486       501
        500       496       501
        498       497       502
        502       497       499
        493       498       503
        499       500       504
        504       500       501
        501       486       505
        486       485       505
        469       427       506
        506       427       470
        470       425       471
        472       469       507
        473       472       508
        508       472       507
        507       469       506
        474       473       509
        509       473       508
        475       474       510
        510       474       509
        476       475       511
        511       475       510
        477       476       512
        512       476       511
        478       477       513
        513       477       512
        479       478       514
        514       478       513
        480       479       515
        515       479       514
        481       480       516
        516       480       515
        482       481       517
        517       481       516
        483       482       518
        518       482       517
        484       483       519
        519       483       518
        485       484       520
        520       484       519
        505       485       521
        521       485       520
        501       505       522
        504       501       522
        499       504       502
        498       502       503
        493       503       494
         36       494       523
         35        36       523
        494       503       524
        523       494       524
        503       502       525
        502       504       526
        525       502       526
        503       525       524
        505       521       527
        522       505       527
        504       522       528
        526       504       528
        521       520       529
        527       521       529
        522       527       528
        520       519       530
        529       520       530
        519       518       531
        530       519       531
        518       517       532
        531       518       532
        517       516       533
        532       517       533
        516       515       534
        533       516       534
        515       514       535
        534       515       535
        514       513       536
        535       514       536
        513       512       537
        536       513       537
        512       511       538
        537       512       538
        511       510       539
        538       511       539
        525       526       540
        526       528       540
        524       525       541
        541       525       540
        528       527       542
        527       529       542
        540       528       543
        543       528       542
        542       529       544
        529       530       544
        530       531       545
        544       530       545
        531       532       546
        545       531       546
        532       533       547
        546       532       547
        533       534       548
        547       533       548
        534       535       549
        548       534       549
        535       536       550
        549       535       550
        536       537       551
        550       536       551
        537       538       552
        551       537       552
        542       544       553
        543       542       553
        540       543       554
        541       540       554
        524       541       555
        523       524       555
         35       523       556
        556       523       555
         34        35       556
        555       541       557
        557       541       554
        554       543       553
        544       545       558
        553       544       558
        545       546       559
        558       545       559
        554       553       560
        553       558       560
        546       547       561
        559       546       561
        547       548       562
        561       547       562
        548       549       563
        562       548       563
        549       550       564
        563       549       564
        550       551       565
        564       550       565
        510       509       566
        539       510       566
        509       508       567
        566       509       567
        508       507       568
        567       508       568
        538       539       569
        552       538       569
        551       552       570
        565       551       570
        507       506       571
        568       507       571
        506       470       572
        572       470       471
        471       432       573
        432       433       573
        571       506       572
        572       471       574
        574       471       573
        539       566       575
        569       539       575
        566       567       576
        575       566       576
        552       569       577
        570       552       577
        567       568       578
        576       567       578
        568       571       579
        578       568       579
        571       572       580
        579       571       580
        572       574       580
        569       575       581
        577       569       581
        575       576       582
        581       575       582
        576       578       583
        582       576       583
        578       579       584
        583       578       584
        579       580       585
        584       579       585
        580       574       586
        574       573       586
        573       433       587
        433       434       587
        556       555       588
        588       555       557
         34       556       589
        589       556       588
        557       554       560
         33        34       589
        588       557       590
        590       557       560
        560       558       591
        558       559       591
        434       446       592
        587       434       592
        573       587       593
        586       573       593
        580       586       585
        446       447       594
        592       446       594
        587       592       595
        593       587       595
        586       593       596
        596       593       595
        585       586       596
        595       592       597
        597       592       594
        596       595       598
        598       595       597
        585       596       599
        599       596       598
        584       585       600
        600       585       599
        583       584       601
        601       584       600
        582       583       602
        602       583       601
        581       582       603
        603       582       602
        594       447       604
        604       447       448
        448       444       605
        605       444       445
        445       440       606
        606       440       441
        441       439       607
        607       439       442
        442       335       608
        335       336       608
        606       441       609
        609       441       607
        445       606       605
        597       594       610
        610       594       604
        604       448       611
        611       448       605
        605       606       612
        606       609       612
        607       442       613
        613       442       608
        609       607       614
        612       609       614
        614       607       613
        605       612       611
        608       336       615
        336       337       615
        613       608       616
        616       608       615
        615       337       617
        337       338       617
        614       613       618
        618       613       616
        612       614       619
        619       614       618
        611       612       620
        620       612       619
        604       611       621
        610       604       621
        611       620       621
        616       615       622
        622       615       617
        617       338       623
        338       339       623
        620       619       624
        621       620       624
        619       618       625
        624       619       625
        618       616       626
        626       616       622
        625       618       626
        622       617       627
        627       617       623
        623       339       628
        339       340       628
        626       622       629
        629       622       627
        625       626       630
        630       626       629
        624       625       630
        621       624       631
        610       621       632
        632       621       631
        597       610       633
        598       597       633
        633       610       632
        599       598       634
        634       598       633
        600       599       634
        624       630       635
        631       624       635
        627       623       636
        636       623       628
        628       340       637
        340       341       637
        601       600       638
        638       600       634
        634       633       639
        633       632       639
        632       631       640
        639       632       640
        631       635       640
        634       639       641
        638       634       641
        601       638       642
        602       601       642
        629       627       643
        643       627       636
        630       629       644
        644       629       643
        635       630       645
        645       630       644
        640       635       645
        639       640       646
        641       639       646
        638       641       642
        640       645       647
        646       640       647
        641       646       648
        642       641       648
        602       642       649
        603       602       649
        581       603       650
        577       581       650
        636       628       651
        651       628       637
        637       341       652
        341       342       652
        643       636       653
        653       636       651
        644       643       654
        654       643       653
        645       644       655
        655       644       654
        647       645       655
        646       647       656
        648       646       656
        642       648       657
        649       642       657
        647       655       656
        603       649       658
        650       603       658
        648       656       659
        657       648       659
        649       657       660
        658       649       660
        656       655       661
        655       654       661
        651       637       662
        662       637       652
        652       342       663
        342       343       663
        653       651       664
        664       651       662
        654       653       665
        665       653       664
        661       654       666
        666       654       665
        656       661       659
        657       659       660
        659       661       667
        661       666       667
        660       659       668
        668       659       667
        662       652       669
        669       652       663
        663       343       670
        343       344       670
        664       662       671
        671       662       669
        665       664       672
        672       664       671
        666       665       672
        667       666       673
        673       666       672
        669       663       674
        674       663       670
        670       344       675
        344       345       675
        671       669       676
        676       669       674
        672       671       677
        677       671       676
        673       672       678
        678       672       677
        667       673       679
        679       673       678
        668       667       679
        660       668       680
        680       668       679
        658       660       681
        681       660       680
        650       658       682
        682       658       681
        577       650       683
        683       650       682
        570       577       683
        570       683       684
        565       570       684
        674       670       685
        685       670       675
        675       345       686
        345       346       686
        676       674       687
        687       674       685
        677       676       688
        688       676       687
        678       677       689
        689       677       688
        679       678       690
        690       678       689
        680       679       690
        681       680       691
        691       680       690
        682       681       691
        683       682       692
        684       683       692
        682       691       693
        692       682       693
        565       684       694
        564       565       694
        684       692       695
        694       684       695
        692       693       696
        695       692       696
        693       691       697
        696       693       697
        691       690       698
        697       691       698
        690       689       698
        564       694       699
        563       564       699
        694       695       700
        699       694       700
        695       696       701
        700       695       701
        696       697       702
        701       696       702
        697       698       702
        698       689       703
        689       688       703
        563       699       704
        562       563       704
        699       700       705
        704       699       705
        700       701       706
        705       700       706
        562       704       707
        561       562       707
        559       561       708
        708       561       707
        591       559       708
        560       591       709
        590       560       709
        591       708       710
        709       591       710
        588       590       711
        589       588       711
         33       589       712
        590       709       713
        711       590       713
        589       711       712
         32        33       712
        704       705       714
        707       704       714
        708       707       715
        710       708       715
        715       707       714
        709       710       716
        713       709       716
        710       715       717
        716       710       717
        714       705       718
        718       705       706
        715       714       719
        717       715       719
        719       714       718
        706       701       720
        720       701       702
        702       698       721
        721       698       703
        703       688       722
        722       688       687
        702       721       723
        720       702       723
        721       703       724
        723       721       724
        724       703       722
        706       720       725
        718       706       725
        722       687       726
        687       685       726
        685       675       727
        727       675       686
        726       685       727
        686       346       728
        346       347       728
        347       348       729
        729       348       730
        348       349       730
        728       347       729
        724       722       731
        731       722       726
        349        30       732
         30        31       733
        732        30       733
         31        32       734
        733        31       734
         32       712       735
        734        32       735
        712       711       736
        711       713       736
        735       712       736
        713       716       737
        736       713       737
        735       736       738
        734       735       738
        716       717       739
        737       716       739
        736       737       740
        738       736       740
        717       719       741
        739       717       741
        719       718       742
        742       718       725
        741       719       742
        730       349       732
        737       739       740
        740       739       743
        739       741       743
        738       740       743
        734       738       744
        733       734       744
        738       743       745
        744       738       745
        743       741       746
        746       741       742
        732       733       747
        747       733       744
        730       732       748
        748       732       747
        729       730       748
        725       720       749
        749       720       723
        723       724       749
        742       725       750
        750       725       749
        746       742       750
        749       724       751
        751       724       731
        727       686       752
        752       686       728
        726       727       753
        753       727       752
        728       729       754
        729       748       755
        754       729       755
        731       726       753
        752       728       754
        731       753       756
        751       731       756
        749       751       757
        750       749       757
        757       751       756
        753       752       758
        756       753       758
        752       754       758
        758       754       759
        759       754       755
        755       748       760
        759       755       760
        760       748       747
        747       744       761
        760       747       761
        761       744       745
        745       743       762
        761       745       762
        762       743       746
        746       750       763
        762       746       763
        763       750       757
        761       762       764
        760       761       764
        762       763       764
        759       760       764
        763       757       765
        757       756       765
        764       763       765
        759       764       765
        759       765       758
        758       765       756
